>data set
dm01
>instances

 0    14   12   15   11   14   16  

 14   0    16   8    13   9    7   

 12   16   0    15   11   15   15  

 15   8    15   0    12   8    9   

 11   13   11   12   0    13   14  

 14   9    15   8    13   0    8   

 16   7    15   9    14   8    0   

>data set
dm02
>instances

 0    6    4    6    9   

 6    0    6    3    6   

 4    6    0    5    9   

 6    3    5    0    5   

 9    6    9    5    0   

>data set
dm03
>instances

 0    4    4    8    12   9    8    5    5   

 4    0    4    8    12   8    5    3    5   

 4    4    0    8    11   9    9    4    4   

 8    8    8    0    11   3    3    7    7   

 12   12   11   11   0    11   11   12   13  

 9    8    9    3    11   0    4    10   10  

 8    5    9    3    11   4    0    8    8   

 5    3    4    7    12   10   8    0    3   

 5    5    4    7    13   10   8    3    0   

>data set
dm04
>instances

 0    12   13   12   12   11   11   14   16  

 12   0    4    9    9    7    4    19   17  

 13   4    0    8    8    7    2    18   18  

 12   9    8    0    7    3    7    17   17  

 12   9    8    7    0    6    8    15   14  

 11   7    7    3    6    0    7    17   16  

 11   4    2    7    8    7    0    18   18  

 14   19   18   17   15   17   18   0    10  

 16   17   18   17   14   16   18   10   0   

>data set
dm05
>instances

 0    7    14   12   11   9    8    11   11   10   10   10   10   10  

 7    0    11   14   12   8    12   10   11   10   10   10   10   10  

 14   11   0    10   12   10   10   9    9    11   11   11   11   11  

 12   14   10   0    14   14   12   15   14   13   13   13   13   13  

 11   12   12   14   0    10   11   15   15   17   17   17   17   17  

 9    8    10   14   10   0    8    12   11   10   10   10   10   10  

 8    12   10   12   11   8    0    11   10   12   12   12   12   12  

 11   10   9    15   15   12   11   0    1    5    5    5    5    5   

 11   11   9    14   15   11   10   1    0    5    5    5    5    5   

 10   10   11   13   17   10   12   5    5    0    0    0    0    0   

 10   10   11   13   17   10   12   5    5    0    0    0    0    0   

 10   10   11   13   17   10   12   5    5    0    0    0    0    0   

 10   10   11   13   17   10   12   5    5    0    0    0    0    0   

 10   10   11   13   17   10   12   5    5    0    0    0    0    0   

>data set
dm06
>instances

 0    5    5    9    6    8    7   

 5    0    8    11   4    6    6   

 5    8    0    10   6    8    7   

 9    11   10   0    9    10   9   

 6    4    6    9    0    5    5   

 8    6    8    10   5    0    6   

 7    6    7    9    5    6    0   

>data set
dm07
>instances
>data set
dm08
>instances
>data set
mus01
>instances

 0    7    7    21   7    3   

 7    0    8    19   9    5   

 7    8    0    20   8    7   

 21   19   20   0    17   22  

 7    9    8    17   0    8   

 3    5    7    22   8    0   

>data set
mus02
>instances

 0    9    12   14   11   22   11   14   9    8    8    11  

 9    0    11   13   10   23   10   14   10   10   9    10  

 12   11   0    14   9    17   11   13   12   12   13   11  

 14   13   14   0    13   18   19   14   13   16   14   16  

 11   10   9    13   0    18   12   15   11   12   12   13  

 22   23   17   18   18   0    24   21   20   20   22   21  

 11   10   11   19   12   24   0    17   11   10   12   7   

 14   14   13   14   15   21   17   0    13   17   13   15  

 9    10   12   13   11   20   11   13   0    10   8    10  

 8    10   12   16   12   20   10   17   10   0    9    10  

 8    9    13   14   12   22   12   13   8    9    0    11  

 11   10   11   16   13   21   7    15   10   10   11   0   

>data set
mus03
>instances

 0    15   15   13   16   19   12   16   13  

 15   0    5    7    7    21   10   8    16  

 15   5    0    7    7    21   7    4    17  

 13   7    7    0    8    19   9    5    17  

 16   7    7    8    0    20   8    9    19  

 19   21   21   19   20   0    17   21   18  

 12   10   7    9    8    17   0    10   15  

 16   8    4    5    9    21   10   0    17  

 13   16   17   17   19   18   15   17   0   

>data set
mus04
>instances

 0    17   12   13   20   18   19   19   14   21   14   17   17   18  

 17   0    17   11   9    9    11   8    12   10   11   10   9    15  

 12   17   0    15   19   19   19   20   13   21   14   17   19   18  

 13   11   15   0    13   11   12   14   12   15   12   14   12   15  

 20   9    19   13   0    8    10   8    13   7    11   13   12   16  

 18   9    19   11   8    0    9    9    14   11   11   11   8    17  

 19   11   19   12   10   9    0    9    14   8    13   13   12   15  

 19   8    20   14   8    9    9    0    14   7    11   12   12   14  

 14   12   13   12   13   14   14   14   0    15   13   13   11   13  

 21   10   21   15   7    11   8    7    15   0    13   14   13   17  

 14   11   14   12   11   11   13   11   13   13   0    11   12   12  

 17   10   17   14   13   11   13   12   13   14   11   0    10   12  

 17   9    19   12   12   8    12   12   11   13   12   10   0    14  

 18   15   18   15   16   17   15   14   13   17   12   12   14   0   

>data set
mus05
>instances

 0    9    4    11   11   12  

 9    0    7    12   13   11  

 4    7    0    9    11   11  

 11   12   9    0    6    11  

 11   13   11   6    0    13  

 12   11   11   11   13   0   

>data set
mus06
>instances

 0    11   9    10   10  

 11   0    12   11   13  

 9    12   0    13   13  

 10   11   13   0    7   

 10   13   13   7    0   

>data set
mus07
>instances

 0    17   21   10  

 17   0    18   13  

 21   18   0    19  

 10   13   19   0   

>data set
mus08
>instances

 0    4    5   

 4    0    6   

 5    6    0   

>data set
mus09
>instances

 0    26  

 26   0   

>data set
mus10
>instances

 0    5    9    5    4    4    3    7    14   20   4    21   22   20   21  

 5    0    11   6    6    6    5    7    15   19   5    21   20   18   19  

 9    11   0    12   12   11   12   9    9    14   8    13   16   16   20  

 5    6    12   0    1    2    5    10   16   20   7    22   24   20   20  

 4    6    12   1    0    1    4    10   16   20   7    22   24   21   21  

 4    6    11   2    1    0    4    10   17   21   7    21   25   20   21  

 3    5    12   5    4    4    0    8    15   22   6    23   24   21   23  

 7    7    9    10   10   10   8    0    11   15   5    17   17   16   17  

 14   15   9    16   16   17   15   11   0    13   10   15   16   14   16  

 20   19   14   20   20   21   22   15   13   0    17   10   11   15   14  

 4    5    8    7    7    7    6    5    10   17   0    18   19   18   19  

 21   21   13   22   22   21   23   17   15   10   18   0    13   17   19  

 22   20   16   24   24   25   24   17   16   11   19   13   0    19   19  

 20   18   16   20   21   20   21   16   14   15   18   17   19   0    10  

 21   19   20   20   21   21   23   17   16   14   19   19   19   10   0   

>data set
mus11
>instances

 0    14   17   13   13   12   14   19   21   20   18   18   17   17   13  

 14   0    12   8    10   8    9    12   14   14   11   11   9    14   9   

 17   12   0    8    7    14   6    4    7    7    4    4    11   8    11  

 13   8    8    0    9    9    7    9    14   14   9    10   10   13   11  

 13   10   7    9    0    12   7    10   12   12   10   10   10   11   10  

 12   8    14   9    12   0    10   16   19   19   15   15   12   16   11  

 14   9    6    7    7    10   0    8    12   12   8    9    11   10   8   

 19   12   4    9    10   16   8    0    6    6    3    3    10   10   12  

 21   14   7    14   12   19   12   6    0    2    6    5    15   7    14  

 20   14   7    14   12   19   12   6    2    0    6    5    15   6    14  

 18   11   4    9    10   15   8    3    6    6    0    1    9    9    11  

 18   11   4    10   10   15   9    3    5    5    1    0    10   8    12  

 17   9    11   10   10   12   11   10   15   15   9    10   0    12   9   

 17   14   8    13   11   16   10   10   7    6    9    8    12   0    13  

 13   9    11   11   10   11   8    12   14   14   11   12   9    13   0   

>data set
mus12
>instances

 0    13   7    16   23   10   15  

 13   0    14   19   20   14   14  

 7    14   0    10   21   10   15  

 16   19   10   0    22   9    18  

 23   20   21   22   0    19   19  

 10   14   10   9    19   0    17  

 15   14   15   18   19   17   0   

>data set
hm01
>instances

 0    1    3    4    19   5    3    46   18   9    2    1    5    16   2    4   

 1    0    4    4    19   5    4    47   18   9    2    0    5    17   2    4   

 3    4    0    5    18   7    3    44   17   9    3    4    3    15   5    2   

 4    4    5    0    17   7    4    45   17   8    4    4    3    14   3    3   

 19   19   18   17   0    19   18   35   14   16   19   19   18   11   19   18  

 5    5    7    7    19   0    7    43   14   7    6    5    7    14   6    7   

 3    4    3    4    18   7    0    46   19   8    3    4    5    16   2    4   

 46   47   44   45   35   43   46   0    33   40   47   47   44   35   47   45  

 18   18   17   17   14   14   19   33   0    14   19   18   17   13   20   18  

 9    9    9    8    16   7    8    40   14   0    10   9    8    12   10   9   

 2    2    3    4    19   6    3    47   19   10   0    2    3    17   2    2   

 1    0    4    4    19   5    4    47   18   9    2    0    5    17   2    4   

 5    5    3    3    18   7    5    44   17   8    3    5    0    14   5    1   

 16   17   15   14   11   14   16   35   13   12   17   17   14   0    16   15  

 2    2    5    3    19   6    2    47   20   10   2    2    5    16   0    4   

 4    4    2    3    18   7    4    45   18   9    2    4    1    15   4    0   

>data set
hm02
>instances

 0    17   20   22   15   21   17   18   21   21   23  

 17   0    21   13   16   21   12   10   11   12   12  

 20   21   0    25   19   22   19   18   25   20   24  

 22   13   25   0    21   26   18   14   4    14   3   

 15   16   19   21   0    21   18   15   20   18   21  

 21   21   22   26   21   0    21   19   26   23   26  

 17   12   19   18   18   21   0    16   18   17   18  

 18   10   18   14   15   19   16   0    13   11   13  

 21   11   25   4    20   26   18   13   0    13   3   

 21   12   20   14   18   23   17   11   13   0    13  

 23   12   24   3    21   26   18   13   3    13   0   

>data set
hm03
>instances

 0    31   31   11   32   28   12   27   32   27   34   35   29   33   31  

 31   0    16   25   5    16   27   21   13   24   11   12   10   12   15  

 31   16   0    28   16   7    27   21   13   20   16   16   14   15   16  

 11   25   28   0    26   26   7    23   28   23   29   28   26   27   28  

 32   5    16   26   0    18   27   21   14   23   12   14   14   11   14  

 28   16   7    26   18   0    27   20   15   20   17   17   14   16   19  

 12   27   27   7    27   27   0    24   27   26   30   30   27   29   24  

 27   21   21   23   21   20   24   0    22   19   24   24   21   24   24  

 32   13   13   28   14   15   27   22   0    25   10   10   13   12   9   

 27   24   20   23   23   20   26   19   25   0    26   26   22   24   24  

 34   11   16   29   12   17   30   24   10   26   0    7    11   12   12  

 35   12   16   28   14   17   30   24   10   26   7    0    12   11   12  

 29   10   14   26   14   14   27   21   13   22   11   12   0    10   13  

 33   12   15   27   11   16   29   24   12   24   12   11   10   0    14  

 31   15   16   28   14   19   24   24   9    24   12   12   13   14   0   

>data set
hm04
>instances

 0    17   14   17   15   17   18   28   16   15   15  

 17   0    19   4    4    2    3    36   4    5    11  

 14   19   0    19   17   20   19   27   18   18   15  

 17   4    19   0    3    2    4    36   4    4    11  

 15   4    17   3    0    3    3    34   3    4    9   

 17   2    20   2    3    0    2    37   2    3    12  

 18   3    19   4    3    2    0    37   2    4    12  

 28   36   27   36   34   37   37   0    36   35   30  

 16   4    18   4    3    2    2    36   0    3    11  

 15   5    18   4    4    3    4    35   3    0    11  

 15   11   15   11   9    12   12   30   11   11   0   

>data set
hm05
>instances

 0    0    4    13   20   20   19   14   20   29   15  

 0    0    4    13   20   20   19   14   20   29   15  

 4    4    0    11   19   18   18   14   19   26   14  

 13   13   11   0    16   14   14   11   16   21   12  

 20   20   19   16   0    15   15   14   14   21   13  

 20   20   18   14   15   0    17   15   17   18   16  

 19   19   18   14   15   17   0    11   15   20   15  

 14   14   14   11   14   15   11   0    14   21   9   

 20   20   19   16   14   17   15   14   0    21   18  

 29   29   26   21   21   18   20   21   21   0    21  

 15   15   14   12   13   16   15   9    18   21   0   

>data set
hm06
>instances

 0    0    0    1    6    6    2    8    3   

 0    0    0    1    6    6    2    8    3   

 0    0    0    1    6    6    2    8    3   

 1    1    1    0    7    7    2    9    2   

 6    6    6    7    0    3    8    4    7   

 6    6    6    7    3    0    7    5    7   

 2    2    2    2    8    7    0    9    4   

 8    8    8    9    4    5    9    0    9   

 3    3    3    2    7    7    4    9    0   

>data set
hm07
>instances

 0    14   16   25   15   16  

 14   0    20   23   18   15  

 16   20   0    37   4    22  

 25   23   37   0    34   24  

 15   18   4    34   0    19  

 16   15   22   24   19   0   

>data set
hm08
>instances

 0    26   19   21   24   24   26   21   29   27   18   21   21  

 26   0    11   8    3    3    3    19   3    4    16   9    10  

 19   11   0    7    9    8    10   15   13   11   9    6    10  

 21   8    7    0    7    7    8    16   11   9    11   8    9   

 24   3    9    7    0    3    4    18   5    5    15   8    10  

 24   3    8    7    3    0    2    18   5    3    14   6    9   

 26   3    10   8    4    2    0    18   3    1    16   7    11  

 21   19   15   16   18   18   18   0    21   18   14   15   12  

 29   3    13   11   5    5    3    21   0    4    19   9    12  

 27   4    11   9    5    3    1    18   4    0    17   6    11  

 18   16   9    11   15   14   16   14   19   17   0    11   10  

 21   9    6    8    8    6    7    15   9    6    11   0    9   

 21   10   10   9    10   9    11   12   12   11   10   9    0   

>data set
hm09
>instances

 0    17   11   15   3    19   4    8    9    10  

 17   0    11   11   14   13   17   16   12   13  

 11   11   0    9    8    15   11   11   8    11  

 15   11   9    0    12   13   15   13   11   13  

 3    14   8    12   0    18   3    6    6    9   

 19   13   15   13   18   0    19   16   15   12  

 4    17   11   15   3    19   0    8    8    12  

 8    16   11   13   6    16   8    0    8    8   

 9    12   8    11   6    15   8    8    0    9   

 10   13   11   13   9    12   12   8    9    0   

>data set
hm10
>instances

 0    1    6    4    7    3    3    1    7    3    5   

 1    0    6    3    7    4    3    2    7    2    6   

 6    6    0    6    2    7    8    7    3    8    6   

 4    3    6    0    6    5    4    3    5    3    6   

 7    7    2    6    0    6    6    7    2    8    4   

 3    4    7    5    6    0    1    2    7    3    5   

 3    3    8    4    6    1    0    2    7    2    6   

 1    2    7    3    7    2    2    0    6    2    5   

 7    7    3    5    2    7    7    6    0    7    5   

 3    2    8    3    8    3    2    2    7    0    7   

 5    6    6    6    4    5    6    5    5    7    0   

>data set
hm11
>instances

 0    15   21   19   20   17   26   17   15   17   19   19   17   21   21   17   18   22   20  

 15   0    11   10   10   14   27   8    14   8    9    10   12   12   12   8    12   13   10  

 21   11   0    5    6    16   34   7    16   7    6    6    16   6    3    8    9    6    6   

 19   10   5    0    6    17   34   5    14   4    6    5    15   6    5    6    10   6    4   

 20   10   6    6    0    18   34   5    15   4    7    4    16   4    8    6    9    4    4   

 17   14   16   17   18   0    26   17   16   18   15   17   15   18   16   16   11   18   18  

 26   27   34   34   34   26   0    32   26   32   32   34   22   36   34   31   29   36   35  

 17   8    7    5    5    17   32   0    15   5    4    4    14   7    6    6    10   7    3   

 15   14   16   14   15   16   26   15   0    14   13   15   13   16   15   13   14   16   15  

 17   8    7    4    4    18   32   5    14   0    6    4    16   7    8    4    11   8    5   

 19   9    6    6    7    15   32   4    13   6    0    5    16   7    6    7    8    7    4   

 19   10   6    5    4    17   34   4    15   4    5    0    17   4    7    5    10   5    3   

 17   12   16   15   16   15   22   14   13   16   16   17   0    17   15   15   13   17   16  

 21   12   6    6    4    18   36   7    16   7    7    4    17   0    4    8    9    1    5   

 21   12   3    5    8    16   34   6    15   8    6    7    15   4    0    8    10   4    5   

 17   8    8    6    6    16   31   6    13   4    7    5    15   8    8    0    11   8    6   

 18   12   9    10   9    11   29   10   14   11   8    10   13   9    10   11   0    9    11  

 22   13   6    6    4    18   36   7    16   8    7    5    17   1    4    8    9    0    5   

 20   10   6    4    4    18   35   3    15   5    4    3    16   5    5    6    11   5    0   

>data set
hm12
>instances

 0    11   9    11   9   

 11   0    12   12   12  

 9    12   0    13   6   

 11   12   13   0    13  

 9    12   6    13   0   

>data set
hm13
>instances

 0    15   7    11   12   8    11   7    9   

 15   0    13   12   15   17   16   12   14  

 7    13   0    11   13   12   13   8    10  

 11   12   11   0    14   15   13   11   12  

 12   15   13   14   0    8    16   10   9   

 8    17   12   15   8    0    14   12   7   

 11   16   13   13   16   14   0    14   14  

 7    12   8    11   10   12   14   0    9   

 9    14   10   12   9    7    14   9    0   

>data set
hm14
>instances

 0    7    11   15  

 7    0    10   12  

 11   10   0    12  

 15   12   12   0   

>data set
hm15
>instances

 0    14   13   18  

 14   0    15   14  

 13   15   0    20  

 18   14   20   0   

>data set
hm16
>instances

 0    40   14   15   13   11   9   

 40   0    34   33   42   45   36  

 14   34   0    13   16   18   13  

 15   33   13   0    18   16   14  

 13   42   16   18   0    10   13  

 11   45   18   16   10   0    14  

 9    36   13   14   13   14   0   

>data set
hm17
>instances

 0    0    0    8    7    6    8    6    6    7   

 0    0    0    8    7    6    8    6    6    7   

 0    0    0    8    7    6    8    6    6    7   

 8    8    8    0    7    9    11   10   9    10  

 7    7    7    7    0    4    7    5    6    6   

 6    6    6    9    4    0    7    4    6    5   

 8    8    8    11   7    7    0    9    5    7   

 6    6    6    10   5    4    9    0    6    7   

 6    6    6    9    6    6    5    6    0    5   

 7    7    7    10   6    5    7    7    5    0   

>data set
hm18
>instances

 0    20   19   16   19   20   15  

 20   0    5    12   4    5    12  

 19   5    0    13   5    6    11  

 16   12   13   0    11   11   10  

 19   4    5    11   0    4    11  

 20   5    6    11   4    0    12  

 15   12   11   10   11   12   0   

>data set
hm19
>instances

 0    17   14   15  

 17   0    16   18  

 14   16   0    20  

 15   18   20   0   

>data set
hm20
>instances

 0    35   35   36   37   37   35   36   31   32   27   31   38   30   29   25   29   32   34   36   31   34   28   30   33   34   34   32   35   37   37   35   33   33   31   32   39   39   28   32   32   36   31   25   28   34   26   30   30   29   30   36   39   39   38   38   25   27   36   38   39   36   36   39   37   37   38   39   38   38   35   34   36   39   34   33  

 35   0    6    8    7    6    12   5    8    7    20   11   5    24   16   16   15   13   44   5    9    14   13   16   12   16   15   8    11   7    8    13   10   15   14   16   5    6    13   17   7    5    14   16   11   11   19   11   10   17   15   6    6    5    7    5    21   19   60   7    6    5    5    6    5    4    4    6    6    6    4    5    5    6    5    17  

 35   6    0    11   10   10   16   7    9    7    21   13   8    26   15   14   14   14   47   2    7    18   13   19   15   20   18   8    15   11   10   17   12   19   14   16   6    5    12   16   6    5    18   17   12   14   19   8    10   17   16   2    5    5    10   5    21   18   61   9    9    9    9    9    4    3    4    5    9    9    4    4    5    6    3    21  

 36   8    11   0    4    2    10   5    12   11   22   14   5    24   18   20   19   12   40   10   14   11   16   13   9    11   12   11   10   5    6    9    7    12   13   13   9    10   17   19   10   8    17   19   15   7    20   14   15   15   15   10   10   10   5    10   20   21   60   6    7    6    6    7    9    10   10   10   6    6    9    9    7    10   10   13  

 37   7    10   4    0    2    9    5    13   10   22   14   4    25   20   21   19   13   41   10   15   9    16   13   9    13   14   12   10   5    4    9    7    11   13   13   8    9    17   20   11   7    18   19   15   7    21   15   15   14   15   9    9    9    4    10   21   21   61   5    6    4    4    6    8    9    9    9    5    5    8    9    8    10   11   15  

 37   6    10   2    2    0    8    4    12   10   21   14   4    24   19   22   20   12   41   10   14   9    16   13   9    12   13   11   9    5    4    8    7    12   13   14   8    9    17   21   11   7    17   19   15   7    21   16   15   15   16   9    9    9    4    10   20   22   61   5    6    4    4    6    8    9    9    9    5    5    7    9    8    10   10   13  

 35   12   16   10   9    8    0    11   12   12   19   14   11   20   18   20   19   11   33   16   14   9    15   12   11   11   11   14   6    9    11   6    8    10   14   12   15   16   16   20   15   14   16   18   14   9    20   16   13   15   16   16   16   16   12   16   16   20   54   12   13   10   10   13   15   16   16   16   12   12   14   15   15   16   15   10  

 36   5    7    5    5    4    11   0    9    9    22   12   4    25   18   20   18   13   42   7    12   12   15   14   10   14   13   10   10   5    6    11   9    13   14   15   5    8    15   19   9    5    15   18   14   8    22   13   13   16   15   6    6    7    3    7    22   20   61   5    5    5    5    5    5    6    7    6    4    4    5    7    5    7    9    15  

 31   8    9    12   13   12   12   9    0    7    14   8    11   21   10   12   16   10   43   11   8    14   11   14   13   15   13   9    11   10   13   13   13   16   13   16   12   13   11   16   7    9    14   10   8    14   17   8    10   17   15   9    12   12   12   12   17   19   54   12   12   12   12   12   11   10   11   12   12   13   8    9    9    13   8    16  

 32   7    7    11   10   10   12   9    7    0    17   9    10   22   14   12   12   10   41   8    8    11   12   14   10   14   13   9    10   10   11   13   11   13   12   15   10   11   10   15   6    7    13   12   11   11   17   8    10   18   11   7    10   10   12   9    17   17   55   11   11   10   10   11   9    8    9    10   10   12   7    6    7    10   6    15  

 27   20   21   22   22   21   19   22   14   17   0    16   23   20   12   18   22   15   38   23   17   21   17   20   21   21   20   20   17   19   25   19   21   21   17   24   25   26   19   21   18   21   20   8    12   24   19   19   17   22   20   22   25   25   25   24   13   22   46   24   25   22   22   25   23   23   24   25   24   24   20   21   22   25   20   18  

 31   11   13   14   14   14   14   12   8    9    16   0    14   17   14   14   15   11   36   13   11   13   13   14   12   14   13   14   13   13   14   14   14   14   15   16   16   16   12   15   12   13   14   13   13   14   19   10   12   16   15   14   16   16   15   15   17   16   51   15   16   14   14   16   14   14   15   16   15   16   12   12   14   16   12   14  

 38   5    8    5    4    4    11   4    11   10   23   14   0    27   19   21   19   14   44   7    14   12   16   15   10   15   15   11   11   6    4    11   9    14   15   14   4    6    17   21   10   5    18   18   14   9    21   15   15   17   16   6    5    5    3    6    23   22   63   3    2    3    3    2    5    5    5    5    3    2    6    7    5    6    10   17  

 30   24   26   24   25   24   20   25   21   22   20   17   27   0    20   25   27   17   29   27   24   19   23   18   19   17   18   23   18   22   25   18   23   18   19   22   29   29   23   20   24   26   18   21   24   22   23   23   19   23   22   27   29   29   28   29   18   25   47   26   29   26   26   29   27   27   28   29   28   28   25   27   26   29   25   18  

 29   16   15   18   20   19   18   18   10   14   12   14   19   20   0    14   16   14   40   17   11   19   12   17   17   17   18   13   17   18   20   16   18   18   11   17   19   19   14   15   12   16   14   8    11   20   18   13   12   18   15   17   19   19   21   19   14   19   50   20   20   19   19   20   17   17   19   19   20   20   15   16   15   20   14   19  

 25   16   14   20   21   22   20   20   12   12   18   14   21   25   14   0    9    15   42   15   11   16   12   18   18   18   19   15   19   19   21   21   18   18   18   16   19   19   13   15   12   16   16   14   13   18   14   10   13   17   12   16   19   19   22   18   21   13   48   21   22   21   21   22   18   17   18   19   22   22   15   15   16   19   13   20  

 29   15   14   19   19   20   19   18   16   12   22   15   19   27   16   9    0    17   43   14   12   15   12   19   17   19   18   15   19   17   20   21   17   17   18   16   17   17   14   14   14   15   16   18   16   17   15   11   15   16   10   15   17   17   21   16   23   15   51   20   20   19   19   20   16   15   16   17   20   20   15   13   15   17   14   18  

 32   13   14   12   13   12   11   13   10   10   15   11   14   17   14   15   17   0    37   14   12   12   14   12   10   11   11   14   9    11   15   12   12   11   10   16   16   17   16   14   9    13   15   12   9    13   18   13   14   19   13   13   16   16   16   15   18   20   51   15   16   14   14   16   15   15   15   16   15   15   12   12   12   16   14   13  

 34   44   47   40   41   41   33   42   43   41   38   36   44   29   40   42   43   37   0    46   44   35   40   31   35   32   35   41   35   40   41   33   37   33   35   34   47   47   40   39   44   46   36   42   41   36   35   42   40   32   38   47   47   47   44   46   32   40   38   42   45   42   42   45   46   47   47   47   44   44   46   45   45   46   46   29  

 36   5    2    10   10   10   16   7    11   8    23   13   7    27   17   15   14   14   46   0    8    17   14   19   15   18   18   8    15   10   10   17   11   18   15   15   5    4    13   17   8    5    18   19   14   13   19   9    12   16   16   3    4    4    9    3    23   18   62   8    8    8    8    8    3    3    3    4    8    8    5    5    5    4    4    20  

 31   9    7    14   15   14   14   12   8    8    17   11   14   24   11   11   12   12   44   8    0    15   8    19   15   17   16   10   14   12   14   16   13   17   14   13   12   11   10   15   8    9    14   13   10   14   16   6    8    16   14   9    12   12   15   11   18   16   55   14   15   14   14   15   11   10   11   12   15   15   8    8    10   12   6    18  

 34   14   18   11   9    9    9    12   14   11   21   13   12   19   19   16   15   12   35   17   15   0    14   11   11   13   10   15   9    10   11   8    11   9    13   11   16   17   15   18   16   15   13   18   16   10   20   15   15   16   11   17   17   17   13   17   20   17   54   11   14   12   12   14   16   17   17   17   13   13   15   16   15   17   16   11  

 28   13   13   16   16   16   15   15   11   12   17   13   16   23   12   12   12   14   40   14   8    14   0    16   17   17   14   11   14   15   17   15   15   18   15   15   16   16   11   15   13   13   12   14   10   17   14   10   12   15   14   14   16   16   17   15   20   16   51   17   17   16   16   17   15   14   16   16   17   17   12   12   13   16   12   17  

 30   16   19   13   13   13   12   14   14   14   20   14   15   18   17   18   19   12   31   19   19   11   16   0    9    11   12   13   9    12   15   11   11   10   12   15   18   18   16   18   15   17   14   17   15   14   19   15   18   14   13   18   18   18   16   18   18   20   50   14   17   15   15   17   17   18   18   18   16   16   17   17   16   18   18   9   

 33   12   15   9    9    9    11   10   13   10   21   12   10   19   17   18   17   10   35   15   15   11   17   9    0    10   11   10   9    8    9    10   8    10   12   12   14   14   15   18   12   13   15   17   15   9    20   12   15   12   15   14   14   14   12   13   18   19   54   9    12   10   10   12   13   14   14   14   11   11   13   12   12   13   15   13  

 34   16   20   11   13   12   11   14   15   14   21   14   15   17   17   18   19   11   32   18   17   13   17   11   10   0    10   15   11   11   13   10   12   12   10   15   18   19   16   15   15   16   15   19   15   11   19   15   16   16   14   19   19   19   16   19   20   20   52   15   17   16   16   17   18   19   19   19   16   17   17   18   16   19   18   12  

 34   15   18   12   14   13   11   13   13   13   20   13   15   18   18   19   18   11   35   18   16   10   14   12   11   10   0    16   10   11   14   13   12   15   14   14   17   19   14   15   14   16   12   18   14   12   16   15   14   17   16   18   18   18   16   18   21   17   50   15   17   15   15   17   17   18   18   18   16   16   16   17   15   19   17   13  

 32   8    8    11   12   11   14   10   9    9    20   14   11   23   13   15   15   14   41   8    10   15   11   13   10   15   16   0    12   10   9    12   11   13   13   11   9    10   9    14   8    7    14   16   11   13   13   11   11   16   16   7    9    9    10   9    19   19   56   8    10   10   10   10   8    8    9    9    10   10   7    8    6    10   8    16  

 35   11   15   10   10   9    6    10   11   10   17   13   11   18   17   19   19   9    35   15   14   9    14   9    9    11   10   12   0    7    13   5    8    11   11   13   13   15   15   20   13   12   16   16   12   11   19   15   14   15   16   14   14   14   13   15   15   21   53   12   13   11   11   13   13   14   14   14   12   12   12   14   13   15   15   10  

 37   7    11   5    5    5    9    5    10   10   19   13   6    22   18   19   17   11   40   10   12   10   15   12   8    11   11   10   7    0    7    9    6    13   11   13   9    11   15   18   10   7    14   17   15   7    20   12   15   14   15   10   10   10   8    11   19   20   58   6    8    7    7    8    9    10   10   10   7    8    8    10   9    11   11   13  

 37   8    10   6    4    4    11   6    13   11   25   14   4    25   20   21   20   15   41   10   14   11   17   15   9    13   14   9    13   7    0    10   10   12   16   13   8    9    16   20   12   7    16   20   16   6    19   15   15   16   16   9    9    9    4    8    22   21   62   3    5    5    5    5    8    9    9    9    5    5    8    8    8    8    11   15  

 35   13   17   9    9    8    6    11   13   13   19   14   11   18   16   21   21   12   33   17   16   8    15   11   10   10   13   12   5    9    10   0    9    9    11   12   15   16   15   19   14   14   15   18   14   10   19   16   14   16   15   16   16   16   12   17   15   20   53   11   13   12   12   13   15   16   16   16   13   12   14   16   14   17   16   10  

 33   10   12   7    7    7    8    9    13   11   21   14   9    23   18   18   17   12   37   11   13   11   15   11   8    12   12   11   8    6    10   9    0    13   10   11   12   12   14   20   9    10   17   16   12   8    19   13   15   12   15   11   11   11   10   11   17   20   55   10   10   9    9    10   10   11   11   11   9    9    11   10   10   11   12   14  

 33   15   19   12   11   12   10   13   16   13   21   14   14   18   18   18   17   11   33   18   17   9    18   10   10   12   15   13   11   13   12   9    13   0    13   14   18   19   18   18   16   17   15   20   17   12   19   18   13   17   14   19   19   19   14   18   20   20   54   14   15   13   13   15   18   19   19   19   14   15   17   17   16   18   18   12  

 31   14   14   13   13   13   14   14   13   12   17   15   15   19   11   18   18   10   35   15   14   13   15   12   12   10   14   13   11   11   16   11   10   13   0    13   17   17   16   15   12   14   17   14   13   15   18   14   15   16   13   14   17   17   17   17   17   19   52   15   17   16   16   17   15   15   16   17   16   17   13   13   13   18   14   15  

 32   16   16   13   13   14   12   15   16   15   24   16   14   22   17   16   16   16   34   15   13   11   15   15   12   15   14   11   13   13   13   12   11   14   13   0    17   16   14   19   15   16   14   20   16   9    17   16   14   13   13   16   17   16   14   16   20   15   52   13   15   14   14   15   16   17   16   17   14   14   16   15   15   16   15   15  

 39   5    6    9    8    8    15   5    12   10   25   16   4    29   19   19   17   16   47   5    12   16   16   18   14   18   17   9    13   9    8    15   12   18   17   17   0    3    16   19   9    4    19   20   15   13   21   13   14   20   17   4    3    3    5    3    25   21   65   6    3    6    6    3    2    3    3    3    4    4    5    6    4    4    8    20  

 39   6    5    10   9    9    16   8    13   11   26   16   6    29   19   19   17   17   47   4    11   17   16   18   14   19   19   10   15   11   9    16   12   19   17   16   3    0    15   19   10   5    19   21   16   14   22   13   14   19   18   4    2    1    7    3    25   20   66   8    6    8    8    6    3    3    2    2    6    6    6    6    5    3    6    21  

 28   13   12   17   17   17   16   15   11   10   19   12   17   23   14   13   14   16   40   13   10   15   11   16   15   16   14   9    15   15   16   15   14   18   16   14   16   15   0    16   11   14   13   14   11   16   14   10   11   17   16   12   15   15   18   14   17   15   52   16   18   17   17   18   14   13   14   15   18   18   13   11   13   15   11   17  

 32   17   16   19   20   21   20   19   16   15   21   15   21   20   15   15   14   14   39   17   15   18   15   18   18   15   15   14   20   18   20   19   20   18   15   19   19   19   16   0    13   17   15   18   15   18   17   12   15   17   15   18   20   20   22   20   23   19   52   20   22   21   21   22   19   18   19   20   22   22   17   18   16   21   17   21  

 32   7    6    10   11   11   15   9    7    6    18   12   10   24   12   12   14   9    44   8    8    16   13   15   12   15   14   8    13   10   12   14   9    16   12   15   9    10   11   13   0    7    15   13   8    13   16   7    9    17   13   6    9    9    12   9    19   19   56   11   11   11   11   11   8    7    8    9    11   11   6    6    5    10   7    18  

 36   5    5    8    7    7    14   5    9    7    21   13   5    26   16   16   15   13   46   5    9    15   13   17   13   16   16   7    12   7    7    14   10   17   14   16   4    5    14   17   7    0    16   17   12   11   18   10   12   19   14   3    4    5    7    4    22   19   61   6    6    7    7    6    4    4    5    4    6    6    2    4    3    5    6    19  

 31   14   18   17   18   17   16   15   14   13   20   14   18   18   14   16   16   15   36   18   14   13   12   14   15   15   12   14   16   14   16   15   17   15   17   14   19   19   13   15   15   16   0    16   17   15   17   15   13   20   12   18   19   19   18   18   20   17   54   17   19   18   18   19   18   17   18   19   18   19   16   17   17   19   16   15  

 25   16   17   19   19   19   18   18   10   12   8    13   18   21   8    14   18   12   42   19   13   18   14   17   17   19   18   16   16   17   20   18   16   20   14   20   20   21   14   18   13   17   16   0    10   20   19   15   13   18   17   17   20   20   21   20   12   17   48   19   20   19   19   20   18   18   19   20   19   20   15   16   17   21   16   18  

 28   11   12   15   15   15   14   14   8    11   12   13   14   24   11   13   16   9    41   14   10   16   10   15   15   15   14   11   12   15   16   14   12   17   13   16   15   16   11   15   8    12   17   10   0    16   14   11   9    17   16   12   15   15   15   15   17   20   51   15   15   14   14   15   13   13   14   15   14   14   10   11   11   16   11   16  

 34   11   14   7    7    7    9    8    14   11   24   14   9    22   20   18   17   13   36   13   14   10   17   14   9    11   12   13   11   7    6    10   8    12   15   9    13   14   16   18   13   11   15   20   16   0    20   14   14   15   15   14   14   14   8    13   21   19   57   8    10   7    7    10   13   14   14   14   9    9    12   12   11   13   13   12  

 26   19   19   20   21   21   20   22   17   17   19   19   21   23   18   14   15   18   35   19   16   20   14   19   20   19   16   13   19   20   19   19   19   19   18   17   21   22   14   17   16   18   17   19   14   20   0    16   15   17   18   19   21   21   20   20   18   20   46   19   22   20   20   22   20   19   21   21   22   20   18   18   18   21   18   18  

 30   11   8    14   15   16   16   13   8    8    19   10   15   23   13   10   11   13   42   9    6    15   10   15   12   15   15   11   15   12   15   16   13   18   14   16   13   13   10   12   7    10   15   15   11   14   16   0    12   16   11   10   13   13   16   12   20   17   54   14   16   15   15   16   12   11   12   13   16   16   10   9    10   13   10   18  

 30   10   10   15   15   15   13   13   10   10   17   12   15   19   12   13   15   14   40   12   8    15   12   18   15   16   14   11   14   15   15   14   15   13   15   14   14   14   11   15   9    12   13   13   9    14   15   12   0    18   15   12   14   14   16   13   17   15   55   15   16   15   15   16   13   12   14   14   16   16   10   11   10   14   9    18  

 29   17   17   15   14   15   15   16   17   18   22   16   17   23   18   17   16   19   32   16   16   16   15   14   12   16   17   16   15   14   16   16   12   17   16   13   20   19   17   17   17   19   20   18   17   15   17   16   18   0    18   18   19   19   17   18   17   18   50   17   18   17   17   18   18   18   18   19   17   18   19   17   18   19   16   15  

 30   15   16   15   15   16   16   15   15   11   20   15   16   22   15   12   10   13   38   16   14   11   14   13   15   14   16   16   16   15   16   15   15   14   13   13   17   18   16   15   13   14   12   17   16   15   18   11   15   18   0    16   17   18   18   16   21   15   54   17   18   17   17   18   16   16   18   17   17   18   15   15   15   17   16   16  

 36   6    2    10   9    9    16   6    9    7    22   14   6    27   17   16   15   13   47   3    9    17   14   18   14   19   18   7    14   10   9    16   11   19   14   16   4    4    12   18   6    3    18   17   12   14   19   10   12   18   16   0    3    3    8    3    22   18   62   8    7    8    8    7    2    2    2    3    7    7    2    3    3    4    4    21  

 39   6    5    10   9    9    16   6    12   10   25   16   5    29   19   19   17   16   47   4    12   17   16   18   14   19   18   9    14   10   9    16   11   19   17   17   3    2    15   20   9    4    19   20   15   14   21   13   14   19   17   3    0    2    6    1    25   20   65   7    4    7    7    4    2    2    2    0    5    5    5    5    4    1    7    21  

